6400
37762
48005
343
48436
11347
45792
45745
6402
51090
45418
47430
25739
40872
24335
50260
390
42496
30830
50412
39602
28966
50084
42481
25451
42690
14685
28515
47516
603
50089
50413
406
48396
48418
150
25752
45267
12131
1178
48008
48015
42078
44373
11269
7513
409
45427
45357
30661
49123
836
38194
11550
47582
41355
49478
28274
51334
23401
38278
22198
25408
46784
25360
23434
37290
153
8331
46686
51177
46253
41102
47464
25835
52256
44375
38952
13701
12839
2572
43739
48950
11897
12009
47462
53067
34795
48013
4743
30486
22816
48200
41354
51089
40949
49741
50422
45647
10593
46865
35695
29288
47043
47561
46250
38657
47509
42552
145
47402
48004
24981
50356
7212
37735
42924
36273
50122
45646
39143
41727
47433
41770
52497
50410
604
42512
44093
52703
45359
29562
6077
11096
18749
20626
39995
17522
42737
39291
45650
25449
48263
3105
47593
46906
42515
41645
38499
28771
41775
15424
36992
407
7095
45399
31048
13862
28689
49036
116
52838
44574
1584
19756
41101
5060
51785
31187
37098
29547
45761
27420
22357
29563
39892
42501
40948
6078
46787
47431
34858
33213
20404
11189
37398
41
36310
43132
30598
8277
15425
29673
47508
46160
18325
47598
36991
28318
45796
16409
38225
50222
44187
7746
47461
13369
415
34356
22817
40165
29674
7745
20247
27463
41989
45649
47599
9190
146
45651
6065
9283
37890
24568
22815
38864
42631
33198
18575
21382
12534
25527
31751
11549
46905
36129
10989
33147
47569
47463
16960
42820
50127
25011
41346
45791
30473
46716
7749
47747
48472
48003
16615
2571
35541
27293
41609
13629
30526
9284
22818
33866
3543
47586
8471
834
45853
50357
33770
46263
8866
48111
39458
42786
46715
43412
42600
30757
25956
50409
46418
38578
47587
47999
49605
25885
41678
43119
30379
24043
30385
23400
50414
756
30745
147
36435
25407
151
51661
40951
42823
424
46920
38314
27755
16521
46252
5990
3108
15757
42722
45360
47530
44374
47515
42459
45794
48175
19755
12180
48901
26899
2947
23509
35409
46249
46815
20413
13861
21381
45648
1792
37805
30527
41644
51343
45795
10581
34864
50081
43740
6759
2637
48998
48000
42106
6394
42105
47379
29720
48900
11845
26269
28312
459
5577
50408
39032
22820
46785
37817
20437
40947
20408
28321
26692
47370
3544
5761
45797
51881
30525
50243
34144
45881
15427
21215
11842
6738
27294
44573
38167
52782
16337
13242
8375
45459
50304
37937
47714
30388
48016
27757
37542
48001
35410
52445
49364
26137
31189
28967
28080
7094
30380
33291
45740
12058
45223
20627
51396
149
600
52728
14066
40950
11970
39149
22181
21327
1072
33771
42540
41771
47039
49865
3107
24337
41388
31185
25337
410
11896
38428
22819
44298
1714
50126
35256
14644
40076
10582
26089
45361
8520
20444
50500
50043
16395
19699
8372
48299
48637
39885
45746
49050
48172
34505
50092
47577
21297
8500
9192
28037
48019
39862
42498
52449
16391
10761
40952
47369
4409
11302
15325
47992
12006
45793
28319
45645
148
50411
33173
48187
30390
41773
5558
41670
41543
10988
48171
408
45356
8281
44867
1396
39402
45789
47578
49363
29854
22197
52446
44166
25486
1583
5762
48206
49000
41680
411
47935
49181
18806
48300
42539
45425
8419
33930
43170
42758
47466
48178
27301
48303
46495
40496
457
4110
20445
42672
38110
37337
835
52464
7748
48002
11097
46950
405
47434
49665
934
50083
45319
28394
45355
49274
10725
43203
12777
11448
7285
3106
14643
49660
12840
47429
44372
24751
25884
1397
37108
46168
49731
7750
25528
37958
13628
42460
18313
52862
42725
33726
42084
21299
49701
6536
38690
46859
42492
33257
21298
48417
46945
49607
47413
48018
50082
43597
11350
37347
11656
11449
8276
45358
43120
7747
42490
