48008
46785
15427
24981
41102
25011
30486
20445
148
43170
47463
14643
50083
2637
33173
40949
36990
5060
28771
42100
50408
7747
30830
11550
42097
27293
46905
28319
39892
47461
41727
13701
602
29562
15325
35541
33198
31048
116
50084
8277
28689
41346
38353
49320
43412
153
21327
47582
10761
20404
31187
2946
604
48031
23509
51039
42073
45427
39402
30379
21297
45268
41543
35409
20413
14644
50163
8276
46852
36273
6759
24337
41355
33771
25835
39885
42737
11449
11096
3108
37735
48473
3107
1178
47465
7285
37817
28680
39033
10898
16395
7749
6077
45797
47599
8520
52008
48757
41771
41770
45646
43740
42084
45399
47577
8372
20408
41774
46716
47748
409
51089
404
45796
45358
46253
34356
11970
47869
26692
34864
29288
23400
27755
42094
33291
11347
37347
40222
25407
28318
34144
25527
25354
9283
52256
45361
22820
13369
29673
48176
2571
407
33147
49036
10581
42092
13555
16615
405
457
45659
46715
48637
50260
33726
22819
13628
25739
128
50092
45792
25175
47464
22357
12700
12131
25364
41668
47593
15425
8866
10582
1397
7095
48016
47379
44236
45284
3106
40948
47714
46815
48299
50230
25408
44032
42481
38690
40947
29654
48013
17263
40951
15429
42087
11353
44093
13629
16532
50082
21215
47434
47793
36991
7745
48396
20444
25451
44680
30473
46865
45794
16337
27294
45745
44574
151
44298
17522
45645
48300
48418
11302
45360
47747
41823
42103
41644
50081
406
21298
46252
424
34795
45757
47402
343
1792
47947
42088
13242
12534
45740
47043
25360
1073
28515
4743
43597
836
49831
40166
9190
40165
24043
12839
4407
28393
28080
31189
42098
7513
46945
45270
47870
34858
42104
4409
8500
150
11842
47508
30527
42085
51887
42105
42108
1583
35695
42079
147
37958
42093
12777
9192
48103
25486
45425
28312
50409
47431
47586
23815
1001
44166
45791
5577
10988
12180
37098
33866
30390
11350
47568
46135
48175
11845
48037
13281
47509
23401
36129
1670
42077
25604
50357
33770
45795
12058
934
41101
19696
47093
48472
47429
358
42102
11097
15424
29720
2572
28770
15015
47488
13862
28321
37762
42096
27757
45649
11448
47780
41773
38194
6394
18325
11549
834
45356
44187
389
49111
47370
46950
16409
33196
39995
30388
47935
756
30757
600
30380
46920
40076
36865
45746
41750
458
5762
48901
51038
47309
39602
50413
47369
1180
149
46184
12009
47992
40950
42091
44573
25956
6078
43739
44302
2714
35602
8243
42109
33257
47437
42078
20627
50089
22817
25528
22818
46250
42110
11189
145
40083
38657
41678
35601
47594
45418
46859
40952
35410
22197
46150
1389
38110
41680
22198
7748
11269
46686
50356
37805
8244
37398
48018
47530
40872
47462
37028
51246
21382
5761
48019
28037
45711
28446
50213
32825
22816
26899
601
8256
8375
5059
50410
24335
47467
18749
46787
15757
51377
50414
37890
45355
6338
47561
28966
4110
38952
48435
42106
41645
47598
603
42111
7746
30385
51027
45648
48303
45357
25337
3543
11896
8331
47585
20626
24568
10725
21381
24052
390
38278
12150
47917
8281
39032
29854
30526
47430
31185
9284
7750
42095
3544
41775
36310
41
10593
42101
48015
38428
35551
27463
46784
1072
42080
41354
25449
3941
20247
49364
146
45651
14911
6738
49694
48998
28967
29530
48739
37108
37337
27301
1574
7094
45647
29563
11656
16344
37290
26089
48436
39291
50412
45417
49363
11897
47587
410
49050
42112
46685
50398
41137
42075
30598
38092
2634
42417
46249
696
28624
47466
45459
45650
30525
5558
50411
47433
19699
35256
20437
14066
42086
44244
1584
1396
3105
13861
46495
10989
47515
45755
39862
411
45762
39455
1793
46160
25752
44245
46318
18558
21299
46906
29674
34505
47250
45761
16521
28310
7508
48900
51381
47516
47578
45359
22815
14685
12006
408
45793
12840
